71
385.689 983.604 0 6894.17
9618 39760.5 805.272 1195.66
204.654 825.447 0 1127
902.106 736.478 805.272 1195.66
805.272 1195.66 666.364 842.864
528.31 851.774 385.689 983.604
385.689 983.604 278.532 814.015
666.364 842.864 528.31 851.774
528.31 851.774 486.828 778.838
204.654 825.447 -145.071 624.48
204.654 825.447 278.532 814.015
486.828 778.838 338.551 704.417
486.828 778.838 550.58 619.627
666.364 842.864 718.34 724.773
278.532 814.015 313.796 725.44
313.796 725.44 68.9977 566.247
902.106 736.478 718.34 724.773
902.106 736.478 1075.38 684.539
313.796 725.44 338.551 704.417
338.551 704.417 380.328 611.221
718.34 724.773 704.09 693.23
704.09 693.23 550.58 619.627
704.09 693.23 768.684 482.17
533.554 602.089 380.328 611.221
550.58 619.627 533.554 602.089
533.554 602.089 559.186 480.784
380.328 611.221 369.001 587.611
1075.38 684.539 796.506 453.194
495.432 346.17 369.001 587.611
369.001 587.611 282.501 503.281
1075.38 684.539 9618 1312.42
768.684 482.17 559.186 480.784
470.044 317.432 282.501 503.281
226.416 483.494 68.9977 566.247
282.501 503.281 226.416 483.494
68.9977 566.247 -9.84249 576.558
559.186 480.784 495.432 346.17
226.416 483.494 231.208 314.708
1292.36 299.641 796.506 453.194
140.046 283.039 -9.84249 576.558
-9.84249 576.558 -145.071 624.48
768.684 482.17 795.796 452.98
796.506 453.194 795.796 452.98
795.796 452.98 775.826 371.516
-145.071 624.48 -155.071 625.353
988.438 242.503 775.826 371.516
763.664 355.375 513.293 302.51
775.826 371.516 763.664 355.375
763.664 355.375 773.34 130.658
231.208 314.708 140.046 283.039
231.208 314.708 334.833 258.549
495.432 346.17 490.703 320.34
140.046 283.039 88.8078 232.315
470.044 317.432 334.833 258.549
470.044 317.432 490.703 320.34
490.703 320.34 513.293 302.51
513.293 302.51 578.025 135.914
334.833 258.549 287.464 6.42409
988.438 242.503 848.301 139.575
988.438 242.503 1292.36 299.641
287.464 6.42409 88.8078 232.315
88.8078 232.315 0 209.397
9618 -7672.96 848.301 139.575
848.301 139.575 773.34 130.658
762.818 120.593 578.025 135.914
578.025 135.914 324.312 -273.503
773.34 130.658 762.818 120.593
762.818 120.593 9618 -100507
1292.36 299.641 9618 491.993
287.464 6.42409 324.312 -273.503
324.312 -273.503 0 -2044.08
