20
11.835049884393811 88.27396421693265
842.6359361037612 516.6637114947662
57.70988152362406 140.48983861575834
315.85609728936106 372.9216809850186
320.5171896144748 658.195268176496
405.0359369488433 49.212724511744455
675.164981209673 40.980355540523306
547.9460095055401 216.7943335196469
372.05878123641014 300.9870827605482
78.41785757336766 85.93392020557076
329.2871713405475 437.158776295837
881.6082413541153 315.4387485526968
898.3526892727241 18.273016362218186
418.61809354741126 73.61036802758463
203.73660908080637 357.1693627978675
427.29511871002614 149.54101396724582
589.3267911393195 143.8083296874538
846.5960861183703 159.61499561090022
420.246798126027 51.62086954806
700.7773010060191 53.98595271399245