28
961.800365352 115.068334972
471.706634713 707.058855419
640.307834752 543.375820138
547.311701608 737.333065634
420.238422257 809.605281441
885.704399862 29.6493094227
840.816395254 604.740268999
561.863724683 962.822691015
178.633264953 713.414375493
657.703522225 9.58533040945
429.435483871 151.041666667
207.661290323 192.708333333
137.096774194 395.833333333
923.387096774 880.208333333
641.129032258 419.270833333
677.419354839 247.395833333
94.7580645161 859.375
213.709677419 940.104166667
953.629032258 468.75
917.338709677 351.5625
858.870967742 255.208333333
320.564516129 401.041666667
385.080645161 466.145833333
459.677419355 505.208333333
247.983870968 606.770833333
50.4032258065 351.5625
112.903225806 109.375
824.596774194 859.375
